1.0
1.0
7.0
12.0
2.0
256
288
0
25.0
10.0
320
7.5
20.0
5.0
352
0.07
384
0.03
0.7
0.7
0.1
0.1
0
6.6
0
0.7
0.1
0.7
3.0
35.0
96.995
56.996
416
448
480
512
0.085
8.0
0.98
20.0
0.035
544
0.4
2.0
105.0
45.0
1.0
1.0
1.0
nan
-2.0
0.07
7.0
2.0
576
7.5
0.7
0.1
0.2
0
0.175
10.0
1.0
1.0
10.0
5.0
0
0
10.0
0
0
0
0
7.5
15.0
0
15.0
0
0
0
0.7
0.7
0.7
0.5
0.7
0
0
0
0.6
0.62
0.64
0.07
0.64
0
0
0
0.16
0.2
0.24
0.13
0.22
0
0
0
0.96
0.955
0.95
0.96
0.993
0
0
0
0.989
0.987
0.985
0.95
0.989
0
0
0
25.0
25.0
25.0
70.0
8.0
0
0
0
15.0
15.0
15.0
30.0
2.0
0
0
0
0.065
0.055
0.045
0.065
0.065
0
0
0
18.0
18.0
18.0
9.0
18.0
0
0
0
