144
176
208
240
272
304
336
368
400
432
464
496
528
560
592
624
656
688
720
752
784
816
848
880
912
944
976
1008
1040
1072
1104
1136
1168
1200
0
0
0
0
1
1
1
1
0
0
60
40
20
10
5
0
0
0
0
0
1
1
1
1
0
0
0
1
1
1
1
1
0
0
0
0
1
1
1
1
0
0
0
0
0
0
1
1
0
0
0
1
1
1
1
1
0
0
0
0
1
1
1
1
0
0
0
0
0
1
1
1
0
0
120
60
30
15
10
0
0
0
0
0
1
1
1
1
0
0
0
0
1
1
1
1
0
0
0
0
0
1
1
1
0
0
0
0
0
1
1
1
0
0
0
0
1
1
1
1
0
0
2.0
1.5
1.0
0.5
0
0
0
0
0
0
1
1
1
1
0
0
30
30
20
10
10
0
0
0
30
30
20
10
10
0
0
0
1
1
1
1
1
1
0
0
4.0
3.0
2.0
1.5
1.0
0
0
0
30.0
50.0
95.0
100.0
100.0
100.0
0
0
60
40
20
12
12
0
0
0
0
0
0
1
1
1
0
0
0
1
1
1
1
1
0
0
0
0
0
1
1
1
0
0
0
0
0
1
1
1
0
0
0
0
1
1
1
1
0
0
10
10
5
3
3
0
0
0
0
0
0
1
1
1
0
0
0
1
1
1
1
1
0
0
0
0
0
1
1
1
0
0
0
0
1
1
1
1
0
0
0
0
1
1
1
1
0
0
