30.0
10.0
-10.0
35.0
-9.1
-9.0
15.0
-10.0
2.0
5.0
4.0
1
-9.0
-11.0
1
1
1
7.0
1
8.0
13.0
1
0.2
7.0
-3.0
0.5
2.5
5.0
4.0
4.0
0.5
7.0
0.4
15.0
10
12.0
1
0.3
1
25.0
30.0
1.0
1
0.1
3.0
4.0
12.0
22.0
15.0
0.5
50.0
45.0
40.0
10.0
10.0
0
10.0
5
2
100.0
10.0
4.0
0.4
10
0.0
20.0
12.5
30.0
5.0
30.0
2.0
1
7.8
5.0
12.0
0.0
0.5
10
10.0
3.0
10.0
8.0
-5.0
0.55
0.2
0.1
21.0
24.0
26.0
6.0
1
1.0
30
65.0
40.0
9.0
15.0
2.4
1.2
1.0
55.0
63.0
2
nan
nan
nan
0.8
0
0
0
0
18.0
0.42
40.0
20.0
40.0
0
0
0
0
21.0
0.42
100.0
60.0
40.0
0
45.0
1
1
50.0
1
-18.0
0.6
40.0
35.0
32.0
40.0
13.0
13.0
1
50.0
120
0
1.0
-9.0
6.0
30.0
40.0
95.0
0
0.2
0.3
0.1
10.0
35.0
65.0
8.5
6.6
1.5
8.0
2.0
5.0
0.8
1
42.0
45.0
1
0
1
0.15
4.0
25.0
18.0
0.5
1
1
20.0
1
0.24
1.0
0
0.8
1
60.0
0
99.0
1.0
30.0
30.0
0
3.0
1
1
1
1
1
0.39
5.0
4.0
1
9.0
0.2
0.2
0
0
-10.0
20.0
50.0
1
1
5
0
70.0
20.0
0.3
0
